# unix_time, cycles_done, cur_path, paths_total, pending_total, pending_favs, map_size, unique_crashes, unique_hangs, max_depth, execs_per_sec
1529746491, 0, 0, 1, 1, 1, 0.05%, 0, 0, 1, 533.33
1529746497, 0, 0, 12, 12, 1, 0.06%, 0, 5, 2, 3.65
1529746502, 0, 0, 14, 14, 1, 0.06%, 0, 8, 2, 20.66
1529746508, 0, 0, 20, 20, 1, 0.07%, 0, 9, 2, 6.96
1529746513, 0, 0, 20, 20, 1, 0.07%, 0, 11, 2, 11.58
1529746528, 0, 0, 24, 24, 1, 0.07%, 0, 12, 2, 91.17
1529746534, 0, 0, 27, 27, 1, 0.07%, 0, 12, 2, 72.01
1529746539, 0, 0, 28, 28, 1, 0.07%, 1, 12, 2, 69.57
1529746544, 0, 0, 29, 29, 1, 0.07%, 1, 12, 2, 68.11
1529746549, 0, 0, 31, 31, 1, 0.07%, 1, 12, 2, 71.90
1529746554, 0, 0, 34, 34, 1, 0.07%, 1, 12, 2, 70.14
1529746559, 0, 0, 35, 35, 1, 0.07%, 1, 12, 2, 68.66
1529746569, 0, 0, 36, 36, 1, 0.07%, 1, 12, 2, 69.54
1529746574, 0, 0, 37, 37, 1, 0.07%, 1, 12, 2, 67.72
1529746579, 0, 0, 37, 37, 1, 0.07%, 1, 13, 2, 66.84
1529746595, 0, 0, 37, 37, 1, 0.07%, 2, 13, 2, 63.80
1529746625, 0, 0, 38, 38, 1, 0.07%, 2, 13, 2, 66.30
1529746640, 0, 0, 39, 39, 1, 0.07%, 2, 13, 2, 71.73
1529746646, 0, 0, 39, 39, 1, 0.07%, 3, 13, 2, 65.30
1529746651, 0, 0, 40, 40, 1, 0.07%, 3, 13, 2, 73.47
1529746676, 0, 0, 41, 41, 1, 0.07%, 3, 14, 2, 89.55
1529746692, 0, 0, 42, 42, 1, 0.07%, 3, 14, 2, 68.57
1529746702, 0, 0, 43, 43, 1, 0.07%, 3, 14, 2, 65.22
1529746876, 0, 0, 44, 44, 1, 0.07%, 3, 14, 2, 67.55
1529746917, 0, 0, 45, 45, 1, 0.07%, 3, 14, 2, 69.67
1529746947, 0, 0, 45, 45, 1, 0.07%, 4, 14, 2, 70.89
1529746993, 0, 0, 45, 45, 1, 0.07%, 5, 14, 2, 69.71
1529747004, 0, 0, 46, 46, 1, 0.07%, 5, 14, 2, 71.92
1529747024, 0, 5, 46, 45, 5, 0.07%, 5, 14, 2, 630.00
1529747059, 0, 7, 46, 44, 4, 0.07%, 5, 14, 2, 48.08
1529747096, 0, 19, 67, 64, 3, 0.07%, 5, 16, 3, 19.70
1529747101, 0, 19, 77, 74, 3, 0.07%, 5, 16, 3, 410.00
1529747106, 0, 19, 88, 85, 3, 0.07%, 5, 16, 3, 366.04
1529747111, 0, 19, 93, 90, 3, 0.07%, 5, 16, 3, 47.76
1529747116, 0, 19, 93, 90, 3, 0.07%, 5, 17, 3, 1.95
1529747122, 0, 19, 95, 92, 3, 0.08%, 5, 18, 3, 21.79
1529747127, 0, 19, 96, 93, 3, 0.09%, 5, 18, 3, 55.39
1529747132, 0, 19, 100, 97, 3, 0.11%, 5, 18, 3, 66.65
1529747137, 0, 19, 102, 99, 3, 0.11%, 5, 19, 3, 69.95
1529747142, 0, 19, 103, 100, 3, 0.11%, 5, 19, 3, 70.24
1529747152, 0, 19, 104, 101, 3, 0.12%, 5, 19, 3, 67.63
1529747173, 0, 19, 105, 102, 3, 0.12%, 5, 19, 3, 67.99
1529747183, 0, 19, 105, 102, 3, 0.12%, 5, 21, 3, 23.93
1529747193, 0, 19, 107, 104, 3, 0.12%, 5, 21, 3, 68.94
1529747209, 0, 19, 110, 107, 3, 0.12%, 5, 21, 3, 67.29
1529747214, 0, 19, 111, 108, 3, 0.12%, 5, 21, 3, 65.64
1529747219, 0, 19, 112, 109, 3, 0.12%, 5, 21, 3, 62.99
1529747229, 0, 19, 112, 109, 3, 0.12%, 6, 22, 3, 65.76
1529747239, 0, 19, 113, 110, 3, 0.12%, 6, 22, 3, 68.85
1529747255, 0, 19, 114, 111, 3, 0.12%, 6, 22, 3, 65.47
1529747285, 0, 19, 115, 112, 3, 0.12%, 6, 22, 3, 66.46
1529747296, 0, 19, 117, 114, 3, 0.13%, 6, 22, 3, 70.06
1529747301, 0, 19, 118, 115, 3, 0.13%, 6, 22, 3, 64.55
1529747316, 0, 19, 119, 116, 3, 0.14%, 6, 22, 3, 69.17
1529747362, 0, 19, 120, 117, 3, 0.14%, 6, 22, 3, 70.00
1529747398, 0, 19, 121, 118, 3, 0.14%, 6, 22, 3, 66.37
1529747423, 0, 19, 122, 119, 3, 0.14%, 6, 22, 3, 65.13
1529747444, 0, 19, 123, 120, 3, 0.14%, 6, 22, 3, 67.19
1529747469, 0, 19, 125, 122, 3, 0.14%, 6, 22, 3, 67.43
1529747479, 0, 19, 126, 123, 3, 0.14%, 6, 22, 3, 64.95
1529747495, 0, 19, 127, 124, 3, 0.14%, 6, 22, 3, 65.68
1529747515, 0, 19, 129, 126, 3, 0.14%, 6, 22, 3, 65.67
1529747587, 0, 19, 130, 127, 3, 0.14%, 6, 22, 3, 69.00
1529747597, 0, 19, 131, 128, 3, 0.14%, 6, 22, 3, 70.62
1529747622, 0, 29, 131, 127, 11, 0.14%, 6, 22, 3, 48.31
1529747632, 0, 42, 131, 126, 11, 0.14%, 6, 22, 3, 329.95
1529747719, 0, 54, 131, 125, 10, 0.14%, 6, 22, 3, 249.55
1529747755, 0, 99, 133, 126, 9, 0.14%, 6, 22, 4, 471.13
1529747760, 0, 99, 140, 133, 9, 0.14%, 6, 22, 4, 63.23
1529747765, 0, 99, 150, 143, 9, 0.14%, 6, 22, 4, 43.48
1529747776, 0, 99, 154, 147, 9, 0.14%, 6, 22, 4, 58.29
1529747781, 0, 111, 154, 146, 9, 0.14%, 6, 22, 4, 327.60
1529747827, 0, 115, 156, 147, 8, 0.14%, 6, 23, 4, 735.17
1529747832, 0, 115, 172, 163, 8, 0.14%, 6, 23, 4, 49.01
1529747837, 0, 115, 181, 172, 8, 0.14%, 6, 23, 4, 760.19
1529747842, 0, 115, 181, 172, 8, 0.14%, 6, 24, 4, 62.16
1529747847, 0, 115, 183, 174, 8, 0.14%, 6, 24, 4, 69.11
1529747857, 0, 115, 187, 178, 8, 0.14%, 6, 24, 4, 79.18
1529747862, 0, 115, 190, 181, 8, 0.14%, 6, 24, 4, 77.94
1529747867, 0, 115, 191, 182, 8, 0.14%, 6, 24, 4, 71.29
1529747878, 0, 115, 191, 182, 8, 0.14%, 6, 25, 4, 70.96
1529747883, 0, 115, 194, 185, 8, 0.14%, 6, 25, 4, 75.23
1529747888, 0, 115, 196, 187, 8, 0.15%, 6, 25, 4, 76.24
1529747893, 0, 115, 198, 189, 8, 0.15%, 6, 25, 4, 69.58
1529747898, 0, 115, 199, 190, 8, 0.15%, 6, 25, 4, 64.24
1529747903, 0, 115, 200, 191, 8, 0.16%, 6, 25, 4, 63.06
1529747919, 0, 115, 202, 193, 8, 0.17%, 6, 25, 4, 72.19
1529747924, 0, 115, 204, 195, 8, 0.17%, 6, 25, 4, 71.67
1529747929, 0, 115, 205, 196, 8, 0.18%, 6, 25, 4, 64.19
1529747934, 0, 115, 206, 197, 8, 0.18%, 6, 25, 4, 68.21
1529747939, 0, 115, 207, 198, 8, 0.18%, 6, 25, 4, 62.79
1529747949, 0, 115, 208, 199, 8, 0.18%, 6, 25, 4, 63.99
1529747954, 0, 115, 209, 200, 8, 0.18%, 6, 25, 4, 65.30
1529747964, 0, 115, 210, 201, 8, 0.18%, 6, 25, 4, 71.17
1529747969, 0, 115, 213, 204, 8, 0.18%, 6, 25, 4, 74.52
1529747979, 0, 115, 214, 205, 8, 0.18%, 6, 25, 4, 71.73
1529747990, 0, 115, 215, 206, 8, 0.18%, 6, 25, 4, 72.50
1529748000, 0, 115, 217, 208, 8, 0.18%, 6, 25, 4, 71.95
1529748015, 0, 115, 218, 209, 8, 0.19%, 6, 25, 4, 73.48
1529748025, 0, 115, 221, 212, 8, 0.26%, 6, 25, 4, 74.39
1529748036, 0, 115, 222, 213, 8, 0.26%, 6, 25, 4, 71.70
1529748051, 0, 115, 223, 214, 8, 0.26%, 6, 25, 4, 71.06
1529748056, 0, 115, 223, 214, 8, 0.26%, 7, 25, 4, 68.98
1529748082, 0, 115, 224, 215, 8, 0.26%, 7, 25, 4, 71.83
1529748107, 0, 115, 225, 216, 8, 0.26%, 7, 25, 4, 68.57
1529748112, 0, 115, 226, 217, 8, 0.26%, 7, 25, 4, 70.63
1529748128, 0, 115, 227, 218, 8, 0.26%, 7, 25, 4, 71.35
1529748133, 0, 115, 229, 220, 8, 0.26%, 7, 25, 4, 74.35
1529748148, 0, 115, 230, 221, 8, 0.26%, 7, 25, 4, 67.78
1529748153, 0, 115, 231, 222, 8, 0.26%, 7, 25, 4, 73.95
1529748158, 0, 115, 232, 223, 8, 0.26%, 7, 25, 4, 69.88
1529748168, 0, 115, 233, 224, 8, 0.26%, 7, 25, 4, 72.03
1529748184, 0, 115, 234, 225, 8, 0.26%, 7, 25, 4, 67.49
1529748199, 0, 134, 234, 224, 9, 0.26%, 7, 25, 4, 134.06
1529748240, 0, 178, 234, 223, 8, 0.26%, 7, 25, 4, 82.94
1529748281, 0, 179, 234, 222, 7, 0.26%, 7, 25, 4, 64.49
1529748322, 0, 182, 238, 225, 6, 0.26%, 7, 25, 5, 522.94
1529748327, 0, 182, 245, 232, 6, 0.26%, 7, 25, 5, 635.32
1529748332, 0, 182, 256, 243, 6, 0.26%, 7, 25, 5, 875.00
1529748337, 0, 182, 264, 251, 6, 0.26%, 7, 25, 5, 657.80
1529748342, 0, 182, 265, 252, 6, 0.26%, 7, 25, 5, 64.48
1529748352, 0, 182, 267, 254, 6, 0.26%, 7, 25, 5, 75.11
1529748358, 0, 182, 270, 257, 6, 0.26%, 7, 25, 5, 78.97
1529748363, 0, 182, 272, 259, 6, 0.26%, 7, 25, 5, 71.89
1529748373, 0, 182, 274, 261, 6, 0.26%, 7, 25, 5, 80.39
1529748383, 0, 182, 275, 262, 6, 0.26%, 7, 25, 5, 77.65
1529748388, 0, 182, 277, 264, 6, 0.26%, 7, 25, 5, 81.61
1529748398, 0, 182, 279, 266, 6, 0.26%, 7, 25, 5, 79.95
1529748403, 0, 182, 280, 267, 6, 0.26%, 7, 26, 5, 83.19
1529748408, 0, 182, 281, 268, 6, 0.26%, 7, 26, 5, 76.77
1529748414, 0, 182, 282, 269, 6, 0.26%, 7, 26, 5, 76.42
1529748424, 0, 182, 283, 270, 6, 0.26%, 7, 26, 5, 75.85
1529748429, 0, 182, 285, 272, 6, 0.26%, 7, 26, 5, 80.20
1529748434, 0, 182, 286, 273, 6, 0.26%, 7, 26, 5, 77.56
1529748439, 0, 182, 287, 274, 6, 0.26%, 7, 26, 5, 80.49
1529748454, 0, 182, 289, 276, 6, 0.26%, 7, 26, 5, 76.57
1529748459, 0, 182, 290, 277, 6, 0.26%, 7, 26, 5, 76.02
1529748464, 0, 182, 291, 278, 6, 0.26%, 7, 26, 5, 82.23
1529748475, 0, 182, 293, 280, 6, 0.26%, 7, 26, 5, 79.30
1529748485, 0, 182, 294, 281, 6, 0.26%, 7, 26, 5, 74.84
1529748490, 0, 182, 296, 283, 6, 0.26%, 7, 26, 5, 81.50
1529748495, 0, 182, 300, 287, 6, 0.26%, 7, 26, 5, 86.12
1529748500, 0, 182, 301, 288, 6, 0.26%, 7, 26, 5, 83.06
1529748505, 0, 182, 302, 289, 6, 0.26%, 7, 26, 5, 77.26
1529748510, 0, 182, 303, 290, 6, 0.26%, 7, 26, 5, 77.43
1529748515, 0, 182, 304, 291, 6, 0.26%, 7, 26, 5, 76.93
1529748520, 0, 182, 305, 292, 6, 0.26%, 7, 26, 5, 74.31
1529748527, 0, 182, 306, 293, 6, 0.26%, 7, 27, 5, 73.88
1529748532, 0, 182, 307, 294, 6, 0.26%, 7, 27, 5, 73.72
1529748542, 0, 182, 309, 296, 6, 0.26%, 7, 27, 5, 83.75
1529748557, 0, 182, 311, 298, 6, 0.26%, 7, 27, 5, 79.43
1529748597, 0, 182, 312, 299, 6, 0.26%, 7, 27, 5, 72.62
1529748618, 0, 182, 315, 302, 6, 0.26%, 7, 27, 5, 80.19
1529748643, 0, 182, 317, 304, 6, 0.26%, 7, 27, 5, 72.54
1529748668, 0, 185, 317, 303, 17, 0.26%, 7, 27, 5, 1032.84
1529748673, 0, 185, 321, 307, 17, 0.26%, 7, 27, 5, 789.80
1529748679, 0, 185, 325, 311, 17, 0.26%, 7, 27, 5, 646.53
1529748684, 0, 185, 327, 313, 17, 0.26%, 7, 27, 5, 754.61
1529748689, 0, 185, 330, 316, 17, 0.26%, 7, 27, 5, 69.31
1529748694, 0, 185, 333, 319, 17, 0.26%, 7, 27, 5, 79.50
1529748699, 0, 185, 334, 320, 17, 0.26%, 7, 27, 5, 79.04
1529748704, 0, 185, 335, 321, 17, 0.26%, 7, 27, 5, 83.26
1529748709, 0, 185, 337, 323, 17, 0.26%, 7, 27, 5, 92.37
1529748714, 0, 185, 338, 324, 17, 0.26%, 7, 27, 5, 86.63
1529748719, 0, 185, 340, 326, 17, 0.26%, 7, 27, 5, 86.52
1529748724, 0, 185, 342, 328, 17, 0.26%, 7, 27, 5, 81.09
1529748729, 0, 185, 343, 329, 17, 0.26%, 7, 27, 5, 85.86
1529748734, 0, 185, 345, 331, 17, 0.26%, 7, 27, 5, 84.82
1529748744, 0, 185, 346, 332, 17, 0.26%, 7, 27, 5, 80.22
1529748750, 0, 185, 347, 333, 17, 0.26%, 7, 27, 5, 80.56
1529748760, 0, 185, 348, 334, 17, 0.26%, 7, 27, 5, 79.76
1529748765, 0, 185, 349, 335, 17, 0.26%, 7, 27, 5, 76.06
1529748770, 0, 185, 350, 336, 17, 0.26%, 7, 27, 5, 79.72
1529748780, 0, 185, 351, 337, 17, 0.26%, 7, 27, 5, 85.00
1529748785, 0, 185, 352, 338, 17, 0.26%, 7, 27, 5, 82.57
1529748795, 0, 185, 353, 339, 17, 0.26%, 7, 27, 5, 82.97
1529748801, 0, 185, 354, 340, 17, 0.26%, 7, 27, 5, 92.14
1529748806, 0, 185, 357, 343, 17, 0.27%, 7, 27, 5, 90.64
1529748826, 0, 185, 358, 344, 17, 0.27%, 7, 27, 5, 89.02
1529748831, 0, 185, 359, 345, 17, 0.27%, 7, 27, 5, 85.05
1529748836, 0, 185, 360, 346, 17, 0.28%, 7, 27, 5, 84.93
1529748841, 0, 185, 363, 349, 17, 0.28%, 7, 27, 5, 92.68
1529748851, 0, 185, 364, 350, 17, 0.28%, 7, 27, 5, 86.85
1529748867, 0, 185, 366, 352, 17, 0.28%, 7, 27, 5, 84.02
1529748877, 0, 185, 367, 353, 17, 0.28%, 7, 27, 5, 83.79
1529748882, 0, 185, 368, 354, 17, 0.28%, 7, 27, 5, 82.49
1529748887, 0, 185, 369, 355, 17, 0.28%, 7, 27, 5, 83.34
1529748902, 0, 185, 370, 356, 17, 0.28%, 7, 27, 5, 86.41
1529748907, 0, 185, 372, 358, 17, 0.28%, 7, 27, 5, 84.16
1529748912, 0, 185, 373, 359, 17, 0.28%, 7, 27, 5, 85.91
1529748918, 0, 185, 374, 360, 17, 0.28%, 7, 28, 5, 6.32
1529748928, 0, 185, 375, 361, 17, 0.28%, 7, 28, 5, 82.93
1529748933, 0, 185, 376, 362, 17, 0.28%, 7, 28, 5, 79.61
1529748943, 0, 185, 377, 363, 17, 0.28%, 7, 28, 5, 85.72
1529748954, 0, 185, 378, 364, 17, 0.28%, 7, 28, 5, 86.56
1529748959, 0, 185, 379, 365, 17, 0.28%, 7, 28, 5, 79.14
1529748964, 0, 185, 380, 366, 17, 0.28%, 7, 28, 5, 78.22
1529748969, 0, 185, 381, 367, 17, 0.28%, 7, 28, 5, 81.03
1529748974, 0, 185, 382, 368, 17, 0.28%, 7, 28, 5, 83.12
1529748979, 0, 185, 383, 369, 17, 0.28%, 7, 28, 5, 80.66
1529748989, 0, 186, 384, 369, 19, 0.28%, 7, 28, 5, 59.29
1529749005, 0, 186, 385, 370, 19, 0.28%, 7, 28, 5, 47.85
1529749015, 0, 186, 388, 373, 19, 0.28%, 7, 28, 5, 75.02
1529749025, 0, 186, 390, 375, 19, 0.28%, 7, 28, 5, 88.77
1529749030, 0, 186, 391, 376, 19, 0.28%, 7, 28, 5, 83.96
1529749035, 0, 186, 392, 377, 19, 0.30%, 7, 28, 5, 86.72
1529749040, 0, 186, 393, 378, 19, 0.30%, 7, 28, 5, 82.94
1529749050, 0, 186, 394, 379, 19, 0.30%, 7, 28, 5, 75.30
1529749056, 0, 186, 395, 380, 19, 0.30%, 7, 28, 5, 79.12
1529749066, 0, 186, 396, 381, 19, 0.30%, 7, 28, 5, 78.91
1529749071, 0, 186, 398, 383, 19, 0.30%, 7, 28, 5, 80.03
1529749081, 0, 186, 400, 385, 19, 0.30%, 7, 28, 5, 76.71
1529749091, 0, 186, 401, 386, 19, 0.30%, 7, 28, 5, 81.10
1529749101, 0, 186, 402, 387, 19, 0.30%, 7, 28, 5, 81.20
1529749106, 0, 186, 403, 388, 19, 0.30%, 7, 28, 5, 83.09
1529749112, 0, 186, 405, 390, 19, 0.30%, 7, 28, 5, 84.71
1529749117, 0, 186, 406, 391, 19, 0.30%, 7, 28, 5, 82.87
1529749137, 0, 186, 407, 392, 19, 0.30%, 7, 28, 5, 80.00
1529749152, 0, 186, 409, 394, 19, 0.30%, 7, 28, 5, 84.43
1529749157, 0, 186, 410, 395, 19, 0.30%, 7, 28, 5, 77.76
1529749198, 0, 186, 411, 396, 19, 0.30%, 7, 28, 5, 82.01
1529749208, 0, 186, 413, 398, 19, 0.30%, 7, 28, 5, 86.99
1529749213, 0, 186, 414, 399, 19, 0.30%, 7, 28, 5, 82.34
1529749218, 0, 186, 415, 400, 19, 0.30%, 7, 28, 5, 83.27
1529749239, 0, 186, 415, 400, 19, 0.30%, 7, 29, 5, 86.18
1529749249, 0, 186, 416, 401, 19, 0.30%, 7, 29, 5, 77.53
1529749264, 0, 186, 417, 402, 19, 0.30%, 7, 29, 5, 75.70
1529749269, 0, 186, 418, 403, 19, 0.30%, 7, 29, 5, 83.66
1529749280, 0, 186, 419, 404, 19, 0.30%, 7, 29, 5, 84.29
1529749300, 0, 186, 420, 405, 19, 0.30%, 7, 29, 5, 84.71
1529749331, 0, 186, 421, 406, 19, 0.30%, 7, 29, 5, 81.37
1529749341, 0, 186, 422, 407, 19, 0.30%, 7, 29, 5, 81.39
1529749371, 0, 186, 423, 408, 19, 0.30%, 7, 29, 5, 80.38
1529749402, 0, 186, 424, 409, 19, 0.30%, 7, 29, 5, 85.23
1529749422, 0, 187, 424, 408, 20, 0.30%, 7, 29, 5, 662.06
1529749468, 0, 217, 425, 408, 20, 0.30%, 7, 29, 5, 636.40
1529749473, 0, 217, 426, 409, 20, 0.30%, 7, 29, 5, 712.32
1529749478, 0, 217, 450, 433, 20, 0.30%, 7, 29, 5, 753.98
1529749493, 0, 217, 453, 436, 20, 0.30%, 7, 29, 5, 683.03
1529749509, 0, 217, 455, 438, 20, 0.30%, 7, 29, 5, 98.74
1529749519, 0, 217, 456, 439, 20, 0.30%, 7, 29, 5, 91.47
1529749524, 0, 217, 458, 441, 20, 0.30%, 7, 29, 5, 102.74
1529749529, 0, 217, 459, 442, 20, 0.30%, 7, 29, 5, 99.72
1529749534, 0, 217, 460, 443, 20, 0.32%, 7, 29, 5, 96.23
1529749539, 0, 217, 460, 443, 20, 0.32%, 7, 30, 5, 96.54
1529749544, 0, 217, 461, 444, 20, 0.32%, 7, 30, 5, 99.06
1529749549, 0, 217, 465, 448, 20, 0.32%, 7, 30, 5, 100.30
1529749554, 0, 217, 469, 452, 20, 0.32%, 7, 30, 5, 91.76
1529749559, 0, 217, 473, 456, 20, 0.32%, 7, 30, 5, 101.36
1529749564, 0, 217, 476, 459, 20, 0.32%, 7, 30, 5, 97.57
1529749569, 0, 217, 477, 460, 20, 0.32%, 7, 30, 5, 96.96
1529749574, 0, 217, 478, 461, 20, 0.32%, 7, 30, 5, 95.98
1529749579, 0, 217, 479, 462, 20, 0.32%, 7, 30, 5, 100.01
1529749584, 0, 217, 480, 463, 20, 0.32%, 7, 31, 5, 1.96
1529749590, 0, 217, 484, 467, 20, 0.32%, 7, 31, 5, 106.84
1529749595, 0, 217, 486, 469, 20, 0.32%, 7, 31, 5, 103.19
1529749600, 0, 217, 488, 471, 20, 0.32%, 7, 31, 5, 102.70
1529749605, 0, 217, 490, 473, 20, 0.32%, 7, 31, 5, 102.09
1529749610, 0, 217, 491, 474, 20, 0.32%, 7, 31, 5, 90.29
1529749615, 0, 217, 493, 476, 20, 0.32%, 7, 31, 5, 104.05
1529749626, 0, 217, 493, 476, 20, 0.32%, 7, 32, 5, 91.31
1529749631, 0, 217, 494, 477, 20, 0.32%, 7, 32, 5, 95.85
1529749636, 0, 217, 495, 478, 20, 0.32%, 7, 32, 5, 97.72
1529749646, 0, 217, 496, 479, 20, 0.32%, 7, 32, 5, 96.74
1529749651, 0, 217, 499, 482, 20, 0.32%, 7, 32, 5, 99.68
1529749656, 0, 217, 500, 483, 20, 0.32%, 7, 32, 5, 98.94
1529749661, 0, 217, 503, 486, 20, 0.32%, 7, 32, 5, 105.92
1529749666, 0, 217, 504, 487, 20, 0.32%, 7, 32, 5, 96.70
1529749671, 0, 217, 505, 488, 20, 0.32%, 7, 32, 5, 95.14
1529749676, 0, 217, 506, 489, 20, 0.32%, 7, 32, 5, 97.39
1529749686, 0, 217, 509, 492, 20, 0.32%, 7, 32, 5, 101.48
1529749697, 0, 217, 510, 493, 20, 0.32%, 7, 32, 5, 104.33
1529749712, 0, 217, 511, 494, 20, 0.32%, 7, 32, 5, 95.28
1529749717, 0, 217, 512, 495, 20, 0.32%, 7, 32, 5, 96.47
1529749722, 0, 217, 513, 496, 20, 0.32%, 7, 32, 5, 101.43
1529749727, 0, 217, 516, 499, 20, 0.32%, 7, 32, 5, 97.45
1529749732, 0, 217, 518, 501, 20, 0.32%, 7, 32, 5, 92.66
1529749737, 0, 217, 519, 502, 20, 0.32%, 7, 32, 5, 96.39
1529749753, 0, 217, 521, 504, 20, 0.32%, 7, 32, 5, 98.77
1529749758, 0, 218, 527, 509, 21, 0.32%, 7, 32, 5, 350.30
1529749763, 0, 218, 536, 518, 21, 0.32%, 7, 32, 5, 743.08
1529749768, 0, 218, 539, 521, 21, 0.32%, 7, 32, 5, 48.05
1529749778, 0, 218, 547, 529, 21, 0.32%, 7, 32, 5, 706.83
1529749784, 0, 218, 582, 564, 21, 0.32%, 7, 32, 5, 47.78
1529749804, 0, 218, 597, 579, 21, 0.32%, 7, 32, 5, 55.30
1529749814, 0, 218, 613, 595, 21, 0.32%, 7, 32, 5, 309.93
1529749819, 0, 218, 634, 616, 21, 0.32%, 7, 32, 5, 39.39
