# unix_time, cycles_done, cur_path, paths_total, pending_total, pending_favs, map_size, unique_crashes, unique_hangs, max_depth, execs_per_sec
1531719126, 0, 0, 1, 1, 1, 0.05%, 0, 0, 1, 2000.00
1531719131, 0, 0, 12, 12, 1, 0.06%, 0, 5, 2, 97.11
1531719137, 0, 0, 18, 18, 1, 0.06%, 0, 9, 2, 19.16
1531719143, 0, 0, 20, 20, 1, 0.07%, 0, 10, 2, 1067.56
1531719153, 0, 0, 22, 22, 1, 0.07%, 0, 12, 2, 7.34
1531719158, 0, 0, 29, 29, 1, 0.07%, 0, 12, 2, 80.72
1531719169, 0, 0, 30, 30, 1, 0.07%, 0, 12, 2, 78.83
1531719179, 0, 0, 31, 31, 1, 0.07%, 1, 12, 2, 73.59
1531719184, 0, 0, 32, 32, 1, 0.07%, 1, 12, 2, 70.37
1531719189, 0, 0, 34, 34, 1, 0.07%, 1, 12, 2, 79.41
1531719194, 0, 0, 36, 36, 1, 0.07%, 2, 12, 2, 78.87
1531719199, 0, 0, 37, 37, 1, 0.07%, 2, 12, 2, 74.84
1531719209, 0, 0, 38, 38, 1, 0.07%, 2, 12, 2, 74.02
1531719225, 0, 0, 40, 40, 1, 0.11%, 2, 12, 2, 75.63
1531719255, 0, 0, 41, 41, 1, 0.11%, 2, 12, 2, 72.19
1531719265, 0, 0, 42, 42, 1, 0.11%, 2, 12, 2, 70.89
1531719301, 0, 0, 43, 43, 1, 0.11%, 2, 12, 2, 77.96
1531719311, 0, 0, 44, 44, 1, 0.11%, 3, 12, 2, 75.20
1531719347, 0, 0, 45, 45, 1, 0.11%, 3, 12, 2, 73.13
1531719382, 0, 0, 46, 46, 1, 0.11%, 3, 12, 2, 71.84
1531719413, 0, 0, 48, 48, 1, 0.11%, 3, 12, 2, 71.50
1531719423, 0, 0, 49, 49, 1, 0.11%, 3, 12, 2, 66.18
1531719428, 0, 0, 49, 49, 1, 0.11%, 5, 12, 2, 68.08
1531719474, 0, 0, 49, 49, 1, 0.11%, 6, 12, 2, 74.68
1531719540, 0, 0, 49, 49, 1, 0.11%, 7, 12, 2, 73.59
1531719561, 0, 0, 50, 50, 1, 0.11%, 7, 12, 2, 73.12
1531719581, 0, 0, 50, 50, 1, 0.11%, 7, 13, 2, 64.66
1531719612, 0, 7, 50, 49, 5, 0.11%, 7, 13, 2, 794.59
1531719643, 0, 18, 50, 48, 4, 0.11%, 7, 13, 2, 3177.22
1531719669, 0, 19, 50, 47, 4, 0.11%, 7, 13, 2, 600.92
1531719674, 0, 19, 76, 73, 4, 0.11%, 7, 14, 3, 49.57
1531719679, 0, 19, 92, 89, 4, 0.11%, 7, 14, 3, 49.40
1531719689, 0, 19, 92, 89, 4, 0.11%, 7, 15, 3, 72.30
1531719694, 0, 19, 95, 92, 4, 0.11%, 7, 16, 3, 4.63
1531719705, 0, 19, 96, 93, 4, 0.11%, 7, 17, 3, 70.31
1531719710, 0, 19, 97, 94, 4, 0.11%, 7, 17, 3, 72.54
1531719730, 0, 19, 97, 94, 4, 0.11%, 8, 17, 3, 70.68
1531719740, 0, 19, 98, 95, 4, 0.11%, 8, 17, 3, 71.04
1531719761, 0, 19, 99, 96, 4, 0.11%, 8, 17, 3, 73.73
1531719771, 0, 19, 102, 99, 4, 0.11%, 8, 17, 3, 77.74
1531719781, 0, 19, 104, 101, 4, 0.11%, 8, 17, 3, 71.86
1531719786, 0, 19, 105, 102, 4, 0.11%, 8, 17, 3, 69.15
1531719801, 0, 19, 106, 103, 4, 0.11%, 8, 17, 3, 67.01
1531719807, 0, 19, 109, 106, 4, 0.12%, 8, 17, 3, 71.23
1531719822, 0, 19, 110, 107, 4, 0.12%, 8, 17, 3, 70.69
1531719847, 0, 19, 111, 108, 4, 0.12%, 8, 17, 3, 69.24
1531719909, 0, 19, 112, 109, 4, 0.12%, 8, 17, 3, 68.56
1531719919, 0, 19, 113, 110, 4, 0.12%, 8, 17, 3, 69.02
1531720000, 0, 19, 114, 111, 4, 0.12%, 8, 17, 3, 69.98
1531720021, 0, 19, 114, 111, 4, 0.12%, 8, 18, 3, 69.99
1531720041, 0, 19, 115, 112, 4, 0.12%, 8, 18, 3, 68.90
1531720051, 0, 19, 116, 113, 4, 0.12%, 8, 18, 3, 73.16
1531720164, 0, 26, 116, 112, 9, 0.12%, 8, 18, 3, 131.78
1531720240, 0, 94, 116, 111, 8, 0.12%, 8, 18, 3, 336.43
1531720245, 0, 94, 119, 114, 8, 0.12%, 8, 18, 4, 49.50
1531720256, 0, 94, 124, 119, 8, 0.12%, 8, 18, 4, 49.51
1531720261, 0, 94, 126, 121, 8, 0.12%, 8, 19, 4, 67.63
1531720266, 0, 94, 127, 122, 8, 0.12%, 8, 19, 4, 69.33
1531720271, 0, 94, 128, 123, 8, 0.13%, 8, 19, 4, 67.02
1531720281, 0, 94, 129, 124, 8, 0.13%, 8, 19, 4, 68.62
1531720286, 0, 94, 131, 126, 8, 0.13%, 8, 20, 4, 66.04
1531720291, 0, 94, 132, 127, 8, 0.13%, 8, 20, 4, 70.55
1531720296, 0, 94, 133, 128, 8, 0.13%, 8, 21, 4, 68.52
1531720301, 0, 94, 135, 130, 8, 0.13%, 8, 21, 4, 67.60
1531720312, 0, 94, 135, 130, 8, 0.13%, 8, 22, 4, 63.71
1531720332, 0, 94, 137, 132, 8, 0.13%, 8, 22, 4, 74.24
1531720337, 0, 94, 138, 133, 8, 0.13%, 8, 22, 4, 68.26
1531720342, 0, 94, 140, 135, 8, 0.13%, 8, 22, 4, 70.56
1531720347, 0, 94, 141, 136, 8, 0.13%, 8, 22, 4, 70.15
1531720352, 0, 94, 142, 137, 8, 0.13%, 8, 22, 4, 66.71
1531720357, 0, 94, 143, 138, 8, 0.13%, 8, 22, 4, 69.81
1531720378, 0, 94, 144, 139, 8, 0.13%, 8, 22, 4, 67.01
1531720408, 0, 94, 145, 140, 8, 0.13%, 8, 22, 4, 70.28
1531720413, 0, 94, 147, 142, 8, 0.13%, 8, 22, 4, 69.84
1531720429, 0, 94, 150, 145, 8, 0.14%, 8, 22, 4, 72.93
1531720434, 0, 94, 151, 146, 8, 0.16%, 8, 22, 4, 69.07
1531720459, 0, 94, 152, 147, 8, 0.16%, 8, 22, 4, 71.40
1531720480, 0, 94, 153, 148, 8, 0.16%, 8, 22, 4, 67.55
1531720510, 0, 94, 154, 149, 8, 0.16%, 8, 22, 4, 71.67
1531720515, 0, 94, 155, 150, 8, 0.16%, 8, 22, 4, 68.93
1531720535, 0, 94, 155, 150, 8, 0.16%, 9, 22, 4, 66.99
1531720571, 0, 94, 157, 152, 8, 0.16%, 9, 22, 4, 71.67
1531720576, 0, 94, 158, 153, 8, 0.16%, 9, 22, 4, 66.53
1531720602, 0, 94, 159, 154, 8, 0.16%, 9, 22, 4, 66.39
1531720633, 0, 94, 160, 155, 8, 0.16%, 9, 22, 4, 69.27
1531720653, 0, 94, 161, 156, 8, 0.16%, 9, 22, 4, 66.84
1531720699, 0, 94, 162, 157, 8, 0.16%, 9, 22, 4, 67.53
1531720735, 0, 94, 163, 158, 8, 0.16%, 9, 22, 4, 67.53
1531720750, 0, 103, 163, 157, 21, 0.16%, 9, 22, 4, 49.18
1531720755, 0, 103, 164, 158, 21, 0.16%, 9, 22, 4, 102.94
1531720771, 0, 103, 165, 159, 21, 0.16%, 9, 22, 4, 64.57
1531720776, 0, 103, 166, 160, 21, 0.16%, 9, 22, 4, 70.00
1531720786, 0, 103, 167, 161, 21, 0.16%, 9, 22, 4, 66.74
1531720807, 0, 103, 168, 162, 21, 0.16%, 9, 22, 4, 72.26
1531720822, 0, 103, 169, 163, 21, 0.16%, 9, 22, 4, 67.76
1531720930, 0, 103, 170, 164, 21, 0.16%, 9, 22, 4, 68.39
1531720986, 0, 103, 171, 165, 21, 0.16%, 9, 22, 4, 71.37
1531721057, 0, 103, 172, 166, 21, 0.16%, 9, 22, 4, 74.13
1531721067, 0, 103, 173, 167, 21, 0.16%, 9, 22, 4, 67.31
1531721180, 0, 103, 174, 168, 21, 0.16%, 9, 22, 4, 68.64
1531721190, 0, 103, 175, 169, 21, 0.16%, 9, 22, 4, 71.90
